45 41 6 0
47 41 -1 0
49 42 -1 0
40 41 8 0
48 41 -1 0
46 44 6 5
35 40 -8 0
46 41 2 5
47 42 -1 0
46 43 2 5
44 48 -11 0
46 43 7 5
44 48 -15 0
46 43 1 0
41 41 9 0
49 41 -1 0
41 41 -1 0
44 47 -15 0
45 42 1 0
44 47 -12 0
36 40 -8 0
44 47 -8 0
44 47 -9 0
46 42 2 5
44 48 -9 0
46 44 1 5
32 49 0 0
45 42 -1 0
41 41 10 0
36 40 -9 0
44 47 -13 0
46 41 6 5
46 42 7 5
44 48 -14 0
46 43 6 0
40 41 -1 0
42 41 10 0
46 44 7 0
46 45 1 5
35 40 -9 0
45 40 6 0
45 41 -1 0
42 41 -1 0
40 41 7 0
44 47 -11 0
46 42 5 5
45 42 6 0
36 41 -9 0
44 48 -12 0
46 41 5 0
44 42 -1 0
46 42 3 0
46 43 5 5
46 43 3 0
44 48 -13 0
44 47 -10 0
44 41 -1 0
46 42 4 0
35 41 -9 0
35 40 -7 0
44 48 -10 0
48 42 -1 0
46 42 -1 0
43 41 -1 0
46 41 -1 0
46 45 3 5
45 39 6 1
44 47 -14 0
46 44 3 5
