6 40 4 18
6 40 9 10
-36 51 -4 8
7 40 10 10
-37 51 -4 8
7 40 9 10
-39 51 -4 8
-35 51 -4 8
12 40 8 10
20 40 8 18
12 40 9 5
12 43 9 18
5 40 9 10
11 41 8 8
4 41 44 18
5 40 36 18
5 40 14 0
5 41 8 5
11 40 8 5
10 40 10 10
9 41 8 5
6 40 13 0
3 40 13 0
7 43 8 5
-32 51 -4 8
6 42 8 5
10 43 8 5
-33 51 -4 8
4 40 11 0
12 40 10 10
9 40 8 5
10 42 8 8
-40 51 -4 8
8 40 12 18
10 40 9 10
6 41 8 5
9 42 8 5
8 40 8 5
1 40 3 0
6 40 8 5
0 40 2 0
8 40 9 10
10 40 8 5
3 40 14 0
9 40 10 10
5 40 12 0
8 40 10 10
4 40 35 0
16 40 3 18
12 39 9 5
12 42 8 5
4 40 14 0
7 43 9 18
4 40 13 0
-36 49 -12 8
8 42 8 0
4 40 12 0
11 42 8 8
9 43 8 5
7 40 8 5
8 43 8 5
7 41 8 5
5 40 8 5
-31 51 -4 8
12 43 8 5
0 40 3 0
5 40 13 0
-38 51 -4 8
2 40 3 0
12 41 8 5
9 40 9 10
5 40 11 0
11 40 3 18
11 43 8 5
6 40 12 0
5 40 10 10
4 40 44 1
12 40 18 18
10 41 8 8
1 40 2 0
-34 51 -4 8
6 40 14 0
6 40 10 10
7 42 8 5
5 42 8 5
11 40 10 10
8 39 9 10
5 43 8 5
6 43 8 5
6 40 11 0
15 40 14 18
-38 50 -3 8
11 40 9 10
