38 45 13 0
44 48 -9 0
42 54 16 1
41 44 15 0
46 43 1 0
45 41 -1 0
46 43 6 0
44 47 -8 0
44 48 -14 0
43 47 -10 0
46 43 9 5
33 44 9 0
38 41 5 0
39 44 12 0
43 47 -11 0
38 41 6 0
47 41 -1 0
46 40 9 5
46 41 11 0
38 44 11 0
37 41 5 0
42 41 10 0
35 41 6 0
44 48 -15 0
46 45 9 5
46 43 5 5
42 50 16 1
44 47 -11 0
47 42 -1 0
44 48 -11 0
46 43 7 5
35 44 10 0
45 42 -1 0
36 41 6 0
46 44 3 5
39 41 5 0
34 44 9 0
46 41 2 5
43 47 -9 0
48 42 -1 0
43 41 -1 0
36 44 10 0
36 41 -9 0
44 47 -15 0
38 44 12 0
40 44 14 0
46 42 -1 0
42 48 16 1
45 41 6 0
41 41 10 0
46 41 6 5
48 41 -1 0
32 49 0 0
37 41 4 0
44 48 -10 0
39 44 13 0
43 48 -10 0
42 55 16 1
42 44 16 1
46 45 3 5
45 39 6 1
43 44 19 0
49 41 -1 0
40 45 15 0
36 43 8 0
37 44 11 0
35 40 -8 0
39 45 14 0
43 50 -11 0
44 42 -1 0
46 42 11 5
46 43 11 5
35 42 6 0
42 49 16 1
45 42 6 0
44 47 -13 0
42 45 16 1
37 41 6 0
43 49 -11 0
36 44 11 0
46 44 6 5
43 48 -11 0
42 44 17 0
44 44 19 0
36 41 5 0
44 44 20 0
42 51 16 1
42 47 16 1
43 44 18 0
45 42 1 0
34 44 10 0
42 41 -1 0
46 42 7 5
44 47 -12 0
42 52 16 1
36 40 -8 0
46 44 9 5
44 47 -10 0
46 43 2 5
49 42 -1 0
46 41 9 0
46 44 1 5
36 40 -9 0
35 40 -9 0
40 41 7 0
46 43 3 0
46 44 7 0
44 47 -9 0
39 41 6 0
41 41 -1 0
46 42 5 5
44 48 -12 0
45 40 6 0
46 41 5 0
40 41 8 0
41 41 9 0
40 41 -1 0
46 45 1 5
40 44 13 0
46 41 -1 0
44 41 -1 0
46 40 11 5
46 42 9 5
42 46 16 1
44 47 -14 0
44 48 -13 0
37 45 12 0
38 41 4 0
46 42 4 0
35 40 -7 0
46 42 3 0
35 41 -9 0
46 42 2 5
44 49 -11 0
42 53 16 1
35 43 8 0
