34 41 45 0
40 41 2 0
-15 46 -15 0
14 40 51 18
38 41 -1 0
-118 41 -24 0
40 40 -12 0
-1 66 -60 0
-16 46 -16 0
35 38 7 0
79 48 -236 0
39 41 -17 0
25 38 1 0
20 40 20 18
-1 65 -58 0
-63 41 -68 0
38 39 -12 5
49 43 -8 5
79 47 -234 0
20 40 15 18
-8 40 36 18
34 41 5 0
57 46 16 0
3 66 -62 8
23 55 -42 0
34 41 4 0
31 41 48 0
3 66 -60 0
54 50 -13 0
46 42 2 5
22 40 28 18
-116 41 -45 0
21 55 -42 0
-68 41 -65 0
43 47 -9 0
46 44 1 5
-65 41 -68 0
35 44 10 0
22 54 -42 0
2 41 -13 0
19 46 -29 0
44 48 -15 0
17 40 11 18
-53 43 -53 1
-116 41 -50 0
1 67 -59 0
37 40 -14 0
38 41 -17 0
9 41 59 0
1 66 -58 0
-16 46 -14 0
4 40 44 5
43 44 18 0
46 44 7 0
-67 63 -62 1
37 41 -17 0
38 41 -11 0
0 66 -58 0
46 44 3 5
32 39 4 0
-1 42 16 18
46 40 9 5
0 66 -59 0
39 40 -11 0
-2 39 0 0
1 66 -63 8
54 51 -10 0
42 40 -16 5
19 40 20 18
-116 41 -51 0
20 40 9 18
-72 41 -62 0
-2 41 -13 0
-27 41 63 18
36 41 -9 0
-67 56 -62 1
-32 50 -4 0
38 40 -14 0
-53 40 -53 1
-5 36 0 0
-53 42 -53 1
-15 47 -15 0
2 67 -63 8
1 67 -60 0
28 39 13 18
-40 49 361 0
54 51 -12 0
49 42 -11 5
41 41 10 0
-118 41 -27 0
1 64 -58 10
26 54 -37 0
39 41 -13 0
36 47 20 0
32 49 0 0
14 40 6 18
44 47 -14 0
-1 66 -59 0
34 44 10 0
-4 43 14 18
30 41 48 0
38 41 5 0
25 54 -39 0
40 44 13 0
-63 41 -69 0
46 43 1 0
22 55 -42 0
-16 44 -15 0
-15 45 -15 0
3 41 -13 0
44 47 -11 0
36 44 11 0
21 46 -30 0
58 46 16 0
45 42 1 0
-3 41 -9 0
2 66 -61 0
-15 46 -16 0
37 40 26 2
41 41 -3 0
28 40 8 18
-117 41 -49 0
-67 46 -62 1
36 41 5 0
37 40 -17 0
41 42 -4 0
25 39 0 0
-1 46 -2 6
22 39 7 10
44 44 20 0
44 48 -14 0
35 39 6 0
25 55 -40 0
-9 44 12 0
1 67 -58 0
-67 59 -62 1
-1 44 -3 6
-72 41 -63 0
-41 49 199 0
-67 45 -62 1
-40 50 360 0
-118 41 -28 0
0 67 -61 0
13 60 -43 0
42 55 16 1
0 65 -58 0
37 41 6 0
-117 41 -51 0
43 38 32 0
46 43 2 5
32 39 5 0
5 40 45 5
5 41 44 5
39 44 13 0
41 41 9 0
46 43 6 0
-2 42 12 0
35 47 17 0
2 40 36 18
1 65 -61 0
1 65 -56 0
25 55 -38 0
15 40 -2 0
4 40 45 5
44 49 -11 0
36 47 17 0
32 40 11 18
-67 43 -62 1
-69 41 -64 0
-67 61 -62 1
37 42 -10 5
-16 45 -15 0
24 55 -42 0
24 40 17 18
23 40 7 10
-32 50 -3 0
-62 41 -70 0
37 41 4 0
40 45 15 0
-1 42 -2 6
-116 41 -43 0
25 39 2 0
46 42 9 5
-16 46 -15 0
39 41 -2 0
38 40 -13 0
30 41 47 0
45 40 6 0
37 41 5 0
28 40 21 18
43 38 33 0
40 39 -12 5
0 66 -60 0
-16 44 -16 0
42 41 -2 0
-16 47 -15 0
19 46 -28 0
35 40 4 0
-65 41 -67 0
-40 48 361 0
34 40 6 0
15 40 44 18
-1 46 -3 6
22 46 -31 0
39 41 6 0
79 46 -234 0
35 40 5 0
32 40 -9 0
44 42 -1 0
0 67 -57 8
54 50 -11 0
-116 41 -44 0
36 42 46 18
37 45 12 0
9 60 -43 0
35 39 5 0
-71 41 -61 0
43 44 19 0
54 49 -8 0
36 40 24 2
-1 67 -61 0
9 40 60 0
-67 65 -62 1
46 42 -1 0
32 41 47 0
39 41 -16 0
40 41 -11 0
40 41 -1 0
-64 41 -69 0
39 39 -11 5
78 48 -236 0
38 44 11 0
39 39 -12 5
-70 41 -63 0
35 40 26 2
-31 40 34 0
25 39 1 0
46 47 -7 0
38 41 -12 0
44 48 -9 0
-2 37 0 0
44 41 -1 0
39 40 -17 0
-31 50 -4 0
-67 66 -62 1
-33 50 -3 0
45 42 -1 0
-66 41 -67 0
-1 67 -59 0
10 64 -67 0
21 54 -42 0
-118 41 -33 0
-2 38 0 0
-16 47 -16 0
-2 42 14 0
-10 44 13 0
38 41 -13 0
23 40 9 18
0 67 -59 0
29 41 13 18
-41 50 360 0
40 41 -16 0
35 41 -9 0
37 40 -10 5
-67 41 -65 0
2 67 -61 0
2 65 -61 0
23 40 6 10
38 44 12 0
57 46 15 0
34 38 6 0
-117 41 -37 0
2 66 -59 0
-62 41 -69 0
34 42 6 0
78 47 -233 0
39 41 -3 0
29 41 48 0
26 40 26 18
20 40 13 18
54 50 -9 0
-4 37 0 0
79 47 -236 0
38 45 13 0
-147 61 -18 0
-3 36 0 0
54 51 -14 0
1 67 -57 8
33 41 48 0
34 40 5 0
-2 42 11 0
46 44 6 5
54 49 -10 0
2 64 -59 10
2 65 -58 0
-68 41 -66 0
-40 47 362 0
-116 41 -41 0
-53 44 -53 1
-53 49 -53 1
35 47 18 0
18 46 -27 0
36 44 10 0
3 65 -60 0
9 40 59 0
22 40 11 18
-117 41 -38 0
39 42 -11 0
15 40 13 0
2 66 -63 8
-2 64 -61 10
-1 64 -62 10
-40 49 362 0
-116 41 -38 0
1 66 -60 0
33 41 47 0
-118 41 -25 0
0 67 -58 0
78 46 -233 0
26 40 15 18
39 42 -13 0
44 47 -8 0
-15 45 -16 0
0 67 -60 0
27 40 8 0
16 60 -43 0
24 51 5 0
9 40 58 0
24 50 4 0
44 44 19 0
42 41 10 0
0 67 -56 0
39 40 -10 5
-117 41 -35 0
0 66 -61 0
42 51 16 1
0 64 -60 10
-67 42 -62 1
54 50 -8 0
1 67 -62 0
7 40 28 18
25 51 5 0
78 47 -234 0
-2 63 -60 18
48 42 -1 0
-41 49 198 0
0 64 -61 10
12 60 -43 0
-1 66 -61 0
28 41 49 0
46 43 9 5
40 39 -11 5
44 47 -15 0
1 65 -59 0
40 44 14 0
34 44 9 0
37 40 -15 0
-53 41 -53 1
7 40 -2 18
-118 41 -23 0
38 41 -15 0
25 54 -38 0
49 41 -1 0
-1 64 -59 10
-147 62 -18 0
33 41 46 0
-1 66 -58 0
-1 64 -61 10
-67 54 -62 1
0 40 0 0
46 41 9 0
-67 58 -62 1
35 40 25 2
8 40 58 0
54 50 -7 0
0 66 -56 0
46 45 9 5
44 41 6 0
42 54 16 1
-65 41 -66 0
46 42 11 5
26 41 15 18
-53 48 -53 1
46 43 5 5
20 46 -30 0
50 41 20 0
0 67 -62 0
-16 45 -14 0
1 41 -13 0
-16 45 -16 0
46 42 5 5
2 67 -59 0
11 60 -43 0
49 42 -10 5
-1 41 -13 0
-117 41 -52 0
-116 41 -49 0
49 42 -1 0
46 43 7 5
40 40 -17 0
1 67 -63 8
38 40 -11 0
1 65 -62 0
42 42 -3 0
23 54 -42 0
34 39 7 0
31 41 -3 18
-10 44 15 0
25 55 -37 0
-94 47 -54 1
54 49 -11 0
40 41 7 0
40 42 -14 0
11 52 -27 18
40 41 -14 0
54 51 -11 0
46 44 9 5
17 60 -43 0
29 40 8 18
0 65 -62 0
29 40 7 18
0 64 -59 10
38 42 -17 0
-116 41 -47 0
-3 38 0 0
44 47 -10 0
37 41 3 0
47 48 -7 0
44 42 7 0
46 45 3 5
-1 67 -60 0
49 42 -6 5
43 48 -10 0
-4 36 0 0
1 66 -62 0
41 44 15 0
32 40 -6 0
-64 41 -67 0
-1 40 1 0
26 53 -37 0
10 59 -39 18
54 51 -13 0
-40 48 362 0
38 41 4 0
25 38 2 0
39 41 -14 0
35 40 6 0
-117 41 -50 0
38 40 -17 0
-1 64 -58 10
-40 50 361 0
0 42 16 18
49 41 -12 5
54 50 -14 0
-116 41 -48 0
-53 42 -54 0
40 42 -17 0
1 64 -61 10
36 47 19 0
17 46 -23 0
-72 41 -61 0
0 42 15 18
32 40 -5 0
54 49 -7 0
49 44 -8 5
21 46 -31 0
45 41 6 0
-67 64 -62 1
0 66 -57 8
-5 35 0 0
35 41 6 0
50 41 21 0
33 44 9 0
-4 41 -7 0
40 41 -13 0
39 41 5 0
15 60 -43 0
19 40 -3 0
31 41 47 0
24 53 -36 0
78 48 -235 0
32 40 -7 0
20 40 16 18
2 65 -59 0
42 46 16 1
23 40 30 18
-118 41 -30 0
46 41 6 5
36 41 -7 10
-1 45 -3 6
38 40 -12 0
44 48 -13 0
0 64 -62 10
33 41 45 0
38 41 -10 5
-4 35 0 0
43 41 -1 0
18 40 -6 18
22 40 15 18
37 40 -13 0
-67 44 -62 1
-67 51 -62 1
25 54 -37 0
-14 38 1 0
54 51 -8 0
39 41 -12 0
43 47 -10 0
-94 47 -55 1
35 40 -8 0
1 64 -59 10
54 50 -12 0
41 41 -2 0
-61 41 -70 0
9 41 58 0
9 39 59 0
33 39 1 18
42 50 16 1
37 40 -11 0
-67 55 -62 1
-40 47 363 0
1 67 -61 0
42 52 16 1
38 41 -16 0
39 42 -14 0
37 39 -10 5
-67 47 -62 1
17 44 -19 0
49 43 -6 5
54 49 -12 0
35 39 7 0
30 40 36 18
36 41 4 0
-71 41 -63 0
12 64 -67 0
40 42 -13 0
-1 67 -58 0
35 38 6 0
35 47 16 0
-64 41 -68 0
37 41 -10 5
42 41 -1 0
51 43 27 0
37 44 11 0
-118 41 -32 0
49 42 -7 5
39 40 -15 0
34 39 6 0
40 42 -15 0
-1 65 -59 0
43 50 -11 0
41 42 -3 0
2 64 -62 10
0 40 34 18
39 41 -5 0
40 41 -10 5
46 43 11 5
2 64 -58 10
-115 41 -51 0
0 65 -60 0
25 54 -41 0
0 65 -59 0
47 42 -1 0
-70 41 -62 0
2 65 -62 0
40 42 -16 0
36 47 16 0
31 39 5 0
-116 41 -46 0
1 66 -57 8
-2 42 16 18
0 44 -3 6
-2 42 13 0
41 40 -16 5
46 42 4 0
40 41 8 0
26 39 6 0
-1 45 -2 6
26 39 5 0
1 66 -61 0
18 40 19 18
79 49 -236 0
39 40 -13 0
1 65 -60 0
43 49 -11 0
33 40 -7 0
-68 41 -64 0
-1 39 0 0
40 40 -13 0
39 42 -12 0
38 42 -10 5
44 47 -13 0
44 48 -11 0
46 43 3 0
40 40 -15 0
1 64 -60 10
45 42 6 0
40 42 -12 0
0 65 -61 0
44 48 -10 0
-1 65 -61 0
40 40 -10 5
45 41 -1 0
3 67 -62 8
-3 37 0 0
26 39 7 0
5 40 44 5
39 42 -10 5
-1 65 -60 0
22 40 6 10
-1 66 -62 0
30 39 13 18
-69 41 -63 0
39 45 14 0
54 49 -13 0
46 40 11 5
17 46 -25 0
40 40 -14 0
30 40 3 0
31 40 3 0
37 39 -12 5
79 46 -233 0
34 38 7 0
39 41 -10 5
79 47 -233 0
79 48 -234 0
58 46 13 0
-63 41 -70 0
1 64 -62 10
0 65 -56 0
-1 43 -3 6
-67 41 -66 0
25 37 1 0
31 39 4 0
2 64 -61 10
39 42 -16 0
39 41 -11 0
46 45 1 5
35 41 4 0
38 42 -16 0
-67 57 -62 1
-115 41 -52 0
39 40 -14 0
1 66 -59 0
25 39 6 0
25 54 -40 0
5 42 44 5
24 40 0 18
58 46 15 0
43 48 -11 0
40 42 -11 0
36 47 18 0
39 40 -16 0
35 43 8 0
-67 53 -62 1
24 55 -37 0
-116 41 -39 0
33 49 -1 0
2 65 -60 0
36 43 8 0
1 65 -58 0
36 41 44 18
11 64 -67 0
0 66 -62 0
-116 41 -42 0
58 46 14 0
-53 47 -53 1
38 41 6 0
9 40 38 18
46 42 7 5
35 40 -7 10
2 64 -60 10
50 42 -8 18
9 55 -31 18
18 46 -26 0
-5 42 -12 18
41 41 -1 0
-53 46 -53 1
-118 41 -29 0
46 42 3 0
-66 41 -66 0
25 37 0 0
-67 48 -62 1
-27 40 63 18
-5 40 52 18
33 40 -5 0
40 40 -11 0
42 44 17 0
35 47 19 0
-1 40 0 0
-1 44 -2 6
-69 41 -65 0
35 40 -9 0
-15 44 -15 0
33 40 -9 0
40 42 -5 0
49 42 -9 5
35 41 -3 0
16 40 4 18
44 48 -12 0
66 49 17 8
-116 41 -37 0
36 41 -4 0
42 47 16 1
20 46 -29 0
36 40 -8 0
34 41 6 0
-40 49 360 0
36 41 6 0
42 45 16 1
-33 50 -4 0
51 43 26 0
30 40 9 18
9 40 14 18
46 41 11 0
35 41 5 0
40 40 -16 0
32 40 -8 0
-67 62 -62 1
34 39 5 0
-1 43 -2 6
0 39 0 0
29 40 13 18
38 41 -14 0
25 39 3 0
42 44 16 1
39 42 -17 0
39 41 -15 0
39 42 -15 0
4 41 -13 0
54 49 -9 0
43 47 -11 0
49 42 -8 5
32 41 48 0
-31 50 -3 0
-67 41 -67 0
0 42 13 18
0 42 14 18
-1 41 -3 6
54 51 -9 0
26 40 10 18
-15 44 -16 0
-118 41 -26 0
-67 60 -62 1
25 38 0 0
40 41 -15 0
0 43 -3 6
-10 44 14 0
-41 49 197 0
37 40 -16 0
-1 65 -62 0
-118 41 -34 0
39 41 -9 5
37 39 -11 5
34 41 -7 10
47 41 -1 0
46 41 2 5
0 42 -3 6
49 43 -9 5
-117 41 -36 0
40 41 -4 0
32 43 50 18
17 40 44 18
-1 64 -60 18
-67 50 -62 1
42 53 16 1
-15 47 -16 0
31 40 31 18
39 40 -12 0
2 66 -62 0
21 40 18 18
25 55 -41 0
42 48 16 1
39 40 23 18
40 42 -10 5
23 41 51 18
25 40 20 18
46 41 5 0
-116 41 -40 0
40 41 -3 0
9 39 60 0
-118 41 -31 0
38 40 -16 0
0 40 1 0
-1 41 -2 6
38 42 -14 0
36 40 -17 0
33 49 0 0
0 64 -58 10
40 41 -2 0
2 68 -62 8
0 41 -3 6
14 60 -43 0
-1 38 0 0
40 40 -9 5
10 60 -43 0
39 44 12 0
47 47 -7 0
12 40 15 18
-61 41 -69 0
-53 41 -54 0
-67 52 -62 1
17 46 -24 0
0 41 -13 0
9 40 57 0
38 40 -15 0
48 41 -1 0
14 40 22 0
39 41 7 0
58 46 12 0
44 47 -9 0
11 40 33 18
-1 67 -62 0
-117 41 -34 0
37 41 -16 0
36 40 -9 0
42 49 16 1
-53 45 -53 1
-9 44 13 0
44 47 -12 0
34 40 4 0
-67 49 -62 1
2 67 -60 0
40 41 -17 0
33 40 -6 0
19 40 7 18
42 41 -6 18
39 41 -4 0
54 50 -10 0
24 54 -42 0
35 42 6 0
-94 48 -54 1
79 48 -235 0
29 40 3 0
0 68 -56 0
25 54 -42 0
54 49 -14 0
8 40 46 18
49 43 -7 5
-116 41 -52 0
46 41 -1 0
44 42 3 0
38 42 -15 0
29 41 49 0
18 46 -25 0
38 41 0 0
45 39 6 1
38 39 -11 5
38 40 -10 5
-40 48 363 0
-67 41 -62 1
2 66 -60 0
-1 42 -3 6
33 40 -8 0
3 67 -60 18
37 40 -12 0
79 47 -235 0
9 62 -48 18
-2 42 15 0
25 55 -42 0
40 41 -12 0
25 55 -39 0
-71 41 -62 0
